CSV file 32
===========
1003055702
1103055703
1003055704
1003055705
1003055706
1003055707
1003055708
1003055709
1003055710
1003055711
1003055712
1003055713
1103055714
1003055601
1003055602
1003055603
1003055604
1003055605
1003055606
1003055607
1003055608
1003055609
1003055610
1003055611
1003055612
1003055613
1103055614
1003034301
1003034302
1003034303
1003034304
1003034305
1003034306
1003034307
1003034308
1003034309
1003034310
1003034311
1003034312
1003034313
1003034401
1003034402
1003034403
1103055701
CSV file 33
===========
9000115601
9000115602
9000115603
9000115604
9000115605
9000115606
9000115607
9000115608
9000115609
9000115610
1003034101
1003034102
1003034103
1003034105
1003034109
1003034110
1003118609
1003118610
1003099201
1003099202
1003099203
1003099204
1003099205
1003099206
1003099401
1003099402
1003099403
1003099404
1003099405
1003099406
1003099407
1003118102
1003118106
CSV file 34
===========
9000146201
9000146202
9000146203
9000146204
9000146205
9000146206
9000146207
9000146208
9000146209
9000146210
9000146701
9000146702
9000146703
9000146704
9000146705
9000146706
9000146707
9000146708
9000146709
9000146710
1003032301
1003032302
1003032303
1003032304
1003032305
1003032306
1003032307
1003032308
1003032401
1003032402
1003032403
1003032404
1003032501
1003032502
1003032503
1003032504
1003032505
1003032506
1003032507
1003032508
CSV file 35
===========
1003034104
1003034106
1003034107
1003034108
1003118601
1003118602
1003118603
1003118604
1003118605
1003118606
1003118607
1003118608
1003099207
1003099208
1003099209
1003099210
1003099211
1003032201
1003032202
1003032203
1003032205
1003032204
1003032206
1003032207
1003032208
1003032209
1003032210
1003032101
1003032102
1003032103
1003032104
1003032105
1003032106
1003032107
1003032108
1003032109
1003032110
1003118001
1003118002
1003118003
1003118004
1003118005
1003118006
1003118007
1003118008
1003118009
1003118010
1003099601
1003099602
1003099603
1003099604
1003099605
1003099606
1003099607
1003099608
1003099609
1003099501
1003099502
1003099503
1003099504
1003099505
1003099506
1003099507
1003099508
1003099509
1003099510
1003099408
1003099409
1003099410
1003124901
1003124902
1003124903
1003124904
1003124905
1003124906
1003124907
1003124908
1003124909
1003124910
1003134501
1003134502
1003134503
1003134504
1003134506
1003134507
1003134508
1003134509
1003134510
1003118101
1003118103
1003118104
1003118105
1003118107
1003118108
1003118109
1003118110
1003118201
1003118202
1003118203
1003118204
1003118205
1003158601
1003158602
1003158603
1003158604
1003158605
1003158606
1003158607
1003158608
1003158609
1003109205
1003164001
1003164002
1003164003
1003164004
1003164005
1003164006
CSV file 36
===========
1003124201
1003124202
1003124203
1003124204
1003124205
1003124206
1003124207
1003124208
1003124209
1003124210
1003187001
1003187002
1003187003
1003187004
1003187405
1003187304
1003187101
1003187102
1003187103
1003187104
1003187105
1003187106
CSV file 37
===========
1003020301
1003020302
1003020303
1003020304
1003020101
1103020102
1003020103
1103020106
1003020201
1003020202
1003020203
1003020204
1003037301
1003037302
1003037303
1003037304
1003037305
1003037306
1003047001
1003047002
1003047003
1003046901
1003046902
1003046903
1003046904
1003037501
1003037502
1003029701
1003029702
1003029703
1003029704
1003029705
1003029706
1003031101
1003031102
1003031103
1003031104
1103049501
1103049502
1103049504
1103049401
1003197401
1003197402
1003197403
1003197404
1003197405
1003197406
1003197407
1003197408
9100018007
9100018008
9100018009
9100018108
9100018109
9100021805
1103020104
1103020105
1103049503
1103049505
1103049506
1103049402
1103049403
1103049404
1103206301
CSV file 38
===========
1003019801
1003020001
1003020601
1003020602
1003020603
1003020604
1103034601
1103034602
1103034603
1103034604
1103034605
1103034606
1103034701
1103034702
1103034703
1103034704
1103034705
1103034706
1003085401
1003085402
1003085404
1003085405
1003085407
1003085408
1003085409
1003085410
1003123801
1003123802
1003123803
1003123804
1003123805
1003123806
1003123807
1103123808
1103123809
1003124101
1003124102
1003124103
1003124104
1003124105
1003124106
1003124107
9100033706
CSV file 39
===========
1003028801
1003028802
1003028803
1003028804
1003028805
1003028806
1003029101
1003029102
1003029103
1003029104
1003029001
1003029002
1003029003
1003029004
1003029005
1003029006
1003028901
1003028902
1003028903
1003028904
1003028905
1003189101
1003189102
1003189103
1003189104
1003189105
1003189106
1003189107
1003189108
1003189109
CSV file 40
===========
1003060501
1003060502
1003060503
1003060504
1003083001
1003083002
1003083003
1003083004
1103085403
1003085406
1003034501
1003034502
1003034503
1003034504
1003034505
1003034506
1103034507
1003160801
1003160802
1003160803
1103162606
CSV file 41
===========
1103044801
1103044802
1103044803
1103044804
1103044805
1003044806
1003044807
1003044808
1003044809
1003044810
1003119101
1003119102
1003119103
1003119104
1003119105
1003119001
1003119002
1003119003
1003119004
1003119005
1003119006
1003119007
1003119008
1003138301
1003138302
1003138303
1003138304
1003138305
1003136401
1003136402
1003136403
1003136404
1003136405
1003136406
1003136407
1003181001
1003181002
1003181003
1003181004
1003181005
1003181006
9100026109
9100026110
9100033309
9100033310
CSV file 42
===========
1003047101
1003047102
1003047103
1003047104
1003047105
1003047106
1003047107
1103067801
1003067802
1003067803
1003067804
1003067805
1003067806
1003067807
1003067808
1103067809
1003067810
1003187401
1003187402
1003187403
1103187404
1003187406
1003187407
1103187409
1003187410
1003187411
1003187301
1003187302
1003187303
1003187305
1003187306
1003187307
1003187308
1003187309
1103187310
1003187312
1003187313
1003177804
1003177805
1003163001
1003163002
1003163003
1003163004
1003163005
1003162901
1003162902
1003162903
1003162904
1003162905
1003162906
1003162907
1103162908
1103162909
1003162910
1103187408
1103187311
CSV file 43
===========
1003019901
1003019902
1003020701
1003020702
1003187201
1003187202
1003187203
1003187204
1003177801
1003177803
CSV file 44
===========
9000140001
9000140002
9000140003
9000140004
9000140005
9000375401
9000375402
9000375403
9000375404
9000375405
CSV file 45
===========
1003019301
1003019403
1003019501
1003019502
1103019503
1003030801
1103030802
1103030803
1003030804
1003030805
1103030806
1003030807
1003030401
1003030402
1003030403
1003030404
1003030405
1003030406
1003028403
1003028404
1003028405
1003028406
1003028407
1103028408
1103028409
1103025601
1003048501
1103048503
1003048504
1003048505
1003048507
1103030901
1003030904
1003030906
1003107101
9100004803
9100004806
1103019404
1103019504
1103030407
1103030408
1103028410
1103025602
1103107102
1103107103
1103107104
CSV file 46
===========
1003171601
1003160901
1003160902
1003160903
1003171301
1003171101
1003171102
1103171501
1103171502
1103171503
1103171504
1103171401
1103171402
1103171403
1103171404
1103171405
1103171406
1103171201
1103171103
1103171104
CSV file 47
===========
1103083101
1103083102
1103083103
1103083104
1103083105
1103083106
1103083107
1003083108
1103083109
1003083110
1003083113
1003083114
1103120001
1103120002
1103120003
1103120004
1103120005
1103120006
1103120007
1103120008
1103120009
1003158901
1003158902
1003148601
1003148602
1103148603
1103148605
1003108301
1003108302
1003108303
1003108304
1003108305
1003108306
1003108307
1003108308
1003108309
1003108310
1003108311
1003108312
1003162301
1003162302
1003162303
1003162304
1003162305
1003162306
1003162307
1003162308
1003162309
1003206201
1003206202
1003206001
1003206002
1103206101
1103206102
1003124801
1003124802
1003124803
1003124804
1003124805
1003124806
9100025608
1103083111
1103083112
1103120010
1103148604
1103148606
CSV file 48
===========
1003019302
1003019303
1103072501
1103072502
1103072503
1103072504
1003049201
1003049202
1003049203
1003049204
1003072701
1003072702
1003072703
1003072704
1003072705
1103082701
1103082702
1003049301
1003049302
1003049303
1003049304
1003049305
1003049306
1003102302
1003102303
1103102304
1003101101
1003030905
1003187205
1003187206
9100004001
9100004002
9100004003
9100004004
9100004005
9100004006
9100004007
9100004008
9100004009
9100004010
9100024401
9100024402
9100024409
9100024410
9100024501
9100024502
9100024509
9100024510
1103072505
1103072506
1103082706
1103102301
CSV file 49
===========
1103143401
1103143402
1103143403
1103143501
1103143502
1103143503
1003154401
1003154402
1003162201
1003162202
1003162203
1103159301
1103159302
1103159303
1103161001
1103161002
1103161003
1103163101
1103163102
1103163103
1003164101
1003164102
1003164103
1003164104
1003164105
1103156801
1103156802
1103156803
1003199901
1003199902
1003199903
1003199904
1003199905
1003159101
1003159201
1103186201
CSV file 50
===========
1003019401
1003019402
1003028401
1003028402
1103030902
1003030903
1003109501
1003109502
1003118301
1003118302
1003118303
1003118304
1003118305
1003118306
1003118307
1003124601
1003123901
1003123902
1003123903
1003123904
1003123905
1103124503
1003108601
1003108603
1103108604
9100002909
9100003201
9100003202
9100003203
9100003204
9100003205
9100003206
9100003207
9100003208
9100003209
9100003210
9100009902
9100009903
9100014204
9100014205
1103124602
1103124501
1103124502
1103108602
1103129201
CSV file 51
===========
1003024901
1003024902
1003024903
1003024904
1003024905
1103024906
1003024907
1003019001
1003025503
1003025504
1103019601
1003019602
1103019603
1103019604
1103019605
1103019606
1003019607
1003019608
1003019609
1003019610
1003019611
1003019612
1003022401
1103022402
1103037401
1103037402
1103082501
1103082502
1103082503
1103082704
1003101102
9100003606
1103024908
1103019002
1103025501
1103025502
1103022403
1103022404
1103022405
1103022406
1103022407
1103022408
CSV file 52
===========
1103082705
1003100001
1003101103
1103099801
1103099802
1003099803
1003099804
1003118501
1003118502
1003118503
1103118504
1003102401
1003102402
1003102403
1003102404
1003102405
1003102406
1003102407
1003102408
1003102409
1003102410
1003102411
1003102412
1003102413
1003102414
1003102415
1103136501
1003136502
1103136503
1103136504
1103136505
1103136506
1003136507
1003136508
1003136509
1103136510
1003136511
1103138401
1103138402
1003138403
1003138404
1003170802
1003170803
9100004907
1103099701
1103099702
1103099805
1103099806
1103099807
1103099808
1103099809
1103099810
1103099811
1103118505
1103170801
CSV file 53
===========
1003030101
1003030102
1003030103
1003030104
1003030105
1003030106
1003030107
1003044601
1003044602
1003044603
1003044604
1003044605
1003044606
1003044607
1003044701
1003044702
1003044703
1003044501
1003044502
1003044503
1003044504
1003044505
1003044506
1003044507
1003064201
1003064202
1003064203
1003082601
1003082602
1003082603
1003082604
1003082605
1003082606
1003082607
1003064101
1003064102
1003064103
1003064104
1003064106
1103064105
1103064107
CSV file 54
===========
1003158801
1003158802
1003158803
1003158804
1003158805
1003170901
1003170902
1003170903
1003170904
1003159001
1003159002
1003159003
1003159004
1003159005
1003162701
1003162702
1003162703
1003162704
1003162801
1003162802
1003162803
1003162804
1003143201
1003143202
1003143203
1003177802
1003138501
1003138502
1003138503
1003138504
1003138505
1003138506
1003138507
1003138508
1003138509
1003138510
1003138511
1003138512
1003138513
1003138514
1103162805
1103162806
CSV file 55
===========
1003055101
1003055102
1003055103
1003055104
1003055105
1003055106
1103055107
1103055108
1003055109
1003055110
1003055201
1003055202
1003055203
1003055204
1103055205
1103055206
1003055207
1003055208
1003055209
1003023401
1003023201
1003023202
1003023203
1003023204
1003023205
1003023206
1003023207
1003023301
1003023302
1003023303
1003023304
1003023305
1003023306
1003023307
1003023308
1003023309
1003023310
1003023311
1103023101
1103023102
1103023103
1003023104
1003023105
1103023106
1103023107
1003023108
1003023109
1003023110
1003023111
CSV file 56
===========
1003048506
1103082703
1003076501
1003076502
1003076503
1003076504
1003076505
1003076506
1003076507
1003076508
1003076509
1003076510
1003076511
1003076512
1003076513
1003076514
1003076515
1003076601
1003076602
1003076603
1003076604
1003076605
1003076606
1003076607
1103076608
1103076609
1103076610
1103076611
1103076612
1003076701
1003076702
1003076703
1003076704
1003076705
1003076706
1003076707
1003076708
1003076709
1003076710
1003076711
1003076712
1103076613
1103076614
1103076615
CSV file 57
===========
1003085601
1003085602
1003085603
1003085604
1003085605
1003085606
1003085607
1003085608
1003085609
1003085610
1003085701
1003085702
1003085703
1003085704
1003085705
1003085706
1003085707
1003085708
1003085709
1003085710
1003085801
1003085802
1003085803
1003085804
1003085805
1003085806
1003085807
1003085808
1003085809
1003085810
1003086101
1003086102
1003086103
1003086104
1003086105
1003086106
1003086107
1003086108
1003086109
1003086110
1003086001
1003086002
1003086003
1003086004
1003086005
1003086006
1003086007
1003086008
1003086009
1003086010
1003085901
1003085902
1003085903
1003085904
1003085905
1003085906
1003085907
1003085908
1003085909
1003085910
CSV file 58
===========
9000121701
9000121702
9000121703
9000121704
9000121705
9000124501
9000124503
9000124504
9000124505
9000150501
9000150503
9000150504
9000150505
1003021701
1103021702
1003021703
1103021704
1003021705
1103021706
1003021707
1103021708
1103021709
1003021710
1003021711
1003076801
1003076802
1003076803
1003076804
1003076805
1003076806
1003076807
1003076808
1103076809
1003076810
1103076811
1103076901
1103076902
1103076903
1103076904
1103076905
1003076906
1103076907
1103076908
1003076909
1003076910
1103021801
1103021802
1003021803
1103021804
1003021805
1103021806
1103021807
1103021808
1003021809
1103021810
1003077001
1003077002
1103077003
1103077004
1103077005
1003077006
1103077007
1103077008
1103077009
1003077010
1103077011
1103021901
1003021902
1103021903
1103021904
1003021905
1103021906
1103021907
CSV file 59
===========
9000121706
9000121707
9000121708
9000121709
9000121710
9000121801
9000121802
9000121803
9000121804
9000121805
9000121806
9000121807
9000121808
9000121809
9000121810
9000124502
9000150502
1103021301
1103021302
1103021303
1103021304
1103021305
1103021306
1003021307
1003021308
1103021401
1103021402
1103021403
1003021404
1103021405
1103021406
1103021407
1103021408
1103021409
1103021410
1103021411
1103021412
1103021413
1103054901
1103054902
1103054903
1103054904
1103054905
1103054906
1103054907
1003054908
1103054909
1103054910
1103054911
1103054912
1103054913
1103055001
1103055002
1003055003
1103055004
1003055005
1003055006
1003055007
1103055008
1103055009
1103055010
1103055011
1103055012
1103055013
CSV file 60
===========
1003021501
1103021502
1103021503
1103021504
1103021505
1103021506
1103021507
1003021508
1103021509
1103021510
1103021511
1103021512
1103021513
1103021601
1103021602
1003021603
1103021604
1103021605
1103021606
1003021607
1103021608
1103021609
1103021610
1103021611
1103021612
1103021613
1103256901
1103256902
1103256903
1103077201
1103077202
1103077203
1103077204
1103077205
1103077206
1003077207
1003077208
1103077209
1103077210
1103077101
1103077102
1103077103
1103077104
1103077105
1103077106
1103077107
1103077108
1103077109
1103077110
1103077111
1003077112
1003077113
CSV file 61
===========
1003030301
1003030302
1003030303
1003030304
1003030305
1003030306
1003030307
1003030308
1003030201
1003030202
1003030203
1003030204
1003030205
1003030206
1003030207
1003030208
1003030209
1103030210
1103059401
1103059402
1103059403
1103059404
1103059405
1103059406
1103059407
1103059408
1003059501
1103059502
1103059503
1103059504
1103059505
1103059506
1103059507
1103059601
1103059602
1103059603
1103059604
1103059605
1103059606
1103059607
CSV file 62
===========
9000120302
9000120303
9000120304
9000120305
9000120309
9000121001
9000121002
9000121003
9000121004
9000121005
9000121006
9000121007
9000121008
9000121009
9000121010
9000128801
9000128802
9000128803
9000128804
9000128805
9000128806
9000128807
9000128808
9000153601
9000153602
9000153603
9000153604
9000153605
9000153606
9000153701
9000153702
9000153703
9000153704
9000153705
9000153706
1103018801
1103018802
1103018803
1103018804
1103025301
1103025302
1103025303
1103025304
1103025305
1103025306
1103018901
1103018902
1103018903
1103018904
1103018905
1103018906
1103025401
1103025402
1103025403
1103025404
1103055801
1103055802
1103055803
1103055804
1103055805
1103055806
1103056001
1103056002
1103056003
1103056004
1103056005
1103056006
1103056007
1103101201
1103101202
1103101203
1103101204
1103101205
1103101206
1103101207
1103101208
1103101209
1103061401
1103061402
1103061403
1103061404
1103061405
1103061406
1103061407
1103061408
1103107001
1103107002
1103107003
1103107004
1103107005
1103107006
1103107007
1103107008
1103107009
1103107010
1103107011
1103107012
1103107013
1103107014
CSV file 63
===========
9000120301
9000120306
9000120307
9000120308
9000120310
1003163701
1003163702
1003163703
1003163704
1003163705
1003163706
1003163401
1003163402
1103163403
1003163404
1103163405
1003163406
1003163407
1003170501
1003170502
1003170503
1003170504
1003170505
1003170506
1103165901
1003165902
1003165903
1003165904
1103165905
1103165906
1103170701
1103170702
1103170703
1103170704
1103170705
1003170706
1103164601
1103164602
1103164603
1103164604
1103164605
1103164606
1103164607
1103164608
1103164609
1003163801
1003163802
1003163803
1003163804
1003163805
1003163806
1003163807
1003163808
1003163809
1103189201
1103189202
1103189203
1103189204
1103189205
1103189206
1103189207
1103189208
1103235601
1103235602
1103235603
1103235604
1103235605
1103235606
1103235607
1103235608
1003191301
1103191302
1103191303
1103191304
1103191305
1103191306
CSV file 64
===========
9000149301
9000149302
9000149303
9000149304
9000149305
9000149306
9000149307
9000149308
9000149309
9000149310
1003161101
1103161102
1103161103
1003138701
1103162401
1103162402
1103162403
1103162404
1103162405
1103161104
1103161105
1103161106
1103161107
1103161108
1103162601
1103162602
1103162603
1103162604
1103162605
1103162501
1103162502
1103162503
1103162504
1103162505
1103138702
1103138703
1103138704
1103138705
1103138706
1103138707
CSV file 65
===========
9000108701
9000108702
9000108703
9000108704
9000108705
9000108706
9000108707
9000108708
9000108801
9000108802
9000108803
9000108804
9000108805
9000108806
9000108807
9000108808
1003020901
1103030701
1103030702
1103030703
1103030704
1103030705
1103021001
1103024301
1103024302
1103024303
1103024304
1103024305
1003024306
1003024307
1103024308
1103024309
1103024310
1103030601
1103030602
1003030603
1003030604
1003030605
1103020808
1103020801
1003020802
1103020803
1103020804
1103020805
1003020806
1003020807
1103030501
1103030502
1103030503
1103030504
1103030505
1003040201
1103040202
1103040203
1103040204
1003040205
1103040206
1003040207
1103040208
1103040209
1003040210
CSV file 66
===========
9000106001
9000106002
9000106003
9000106004
9000106005
9000106006
9000106007
9000106008
9000106009
9000106010
9000106201
9000106202
9000106203
9000106204
9000106205
9000106206
9000106207
9000106208
9000106209
9000106210
9000106801
9000106802
9000106803
9000106804
9000106805
9000106806
9000106807
9000106808
9000107501
9000107502
9000107503
9000107504
9000107505
9000107506
9000107507
9000107508
9000107509
9000107510
9000149401
9000149402
9000149403
9000149404
9000149405
9000149406
9000149407
9000149408
9000149409
9000149410
9000151301
9000151302
9000151303
9000151304
9000151305
9000151306
9000151307
9000151308
9000151309
9000151310
1103061301
1103061302
1103061303
1003061304
1003061305
1003061306
1103109001
1103109002
1103109003
1103109004
1103109005
1103109006
1103109007
1103109008
1103090801
1003090802
1003090803
1003090804
1103090805
1103061201
1103061202
1103061203
1103061204
1103061205
1003061206
1103061207
1003061208
1103109101
1103109102
1103109103
1103109104
1103109105
1103109106
1103109108
1103109107
1103090806
CSV file 67
===========
9000106301
9000106302
9000106303
9000106304
9000106305
9000106306
9000106307
9000106308
9000106601
9000106602
9000106603
9000106604
9000106605
9000106606
9000106607
9000106608
9000106609
9000106610
9000111801
9000111802
9000111803
9000111804
9000111805
9000111806
9000111807
9000111808
9000117401
9000117402
9000117403
9000117404
9000117405
9000117406
9000117407
9000117408
9000117409
9000117410
1003164401
1003164402
1003164403
1003164404
1003164405
1003164406
1003188701
1003188702
1003188703
1003188704
1103188705
1103188706
1003188801
1003188802
1003188803
1103188804
1103188805
1103188806
1103212901
1103212902
1103212903
1103212904
1103212905
1003124001
1003124002
1003124003
1003124004
1003124005
1003124006
1103212201
1103212203
1103212202
1103212204
1103212205
1103212206
1103188901
1103188902
1003188903
1003188904
1003188905
1003188906
1003188907
1003188908
1103189001
1103189002
1103189003
1103189004
1003189005
1103233601
1103233602
1103233603
1103233604
1003233605
1003233606
1003233607
CSV file 68
===========
9000105410
9000105501
9000105502
9000105503
9000105504
9000105505
9000105506
9000105507
9000105508
9000105509
9000105510
9000106901
9000106902
9000106903
9000106904
9000106905
9000117701
9000117702
9000117703
9000117704
9000117705
9000117706
9000120004
9000120005
9000120007
9000123101
9000123102
9000123103
9000123104
9000123105
9000123106
9000123107
9000123108
9000149701
9000149702
9000149703
9000149704
9000149705
9000149706
9000149707
9000149708
9000149709
9000149710
9000168701
9000168702
9000168703
9000168704
9000168705
9000168706
9000168707
9000168708
9000168709
9000168710
1003020401
1003020402
1003020403
1003020404
1003020405
1003020406
1003020407
1003020408
1003020409
1003020410
1003020411
1003020412
1003020413
1003024001
1003024002
1003024003
1003024004
1003024005
1003024006
1003024007
1003024008
1003024201
1003024202
1003024203
1003024101
1003024102
1003024103
1003024104
1003024105
1003024106
1003024107
1003024108
1003024109
1003024110
1003024111
1103040102
1103040103
1103040104
1103040105
1103040106
1103040107
1103040108
1103040109
1103040110
1103040101
CSV file 69
===========
1003067701
1003067702
1003067703
1003067704
1003067705
1003067706
1003067707
1003067708
1103079901
1103079902
1103079903
1003082401
1003082402
1003082403
1003082404
1003082301
1003082302
1003082303
1003082304
1003082305
1003082306
1003082307
1003082308
1103067709
1103067710
1103079904
CSV file 70
===========
1003123401
1003123402
CSV file 71
===========
1003109401
1003109402
1003109403
1003109404
1003102501
1003102502
1003102503
1003102504
1003102505
1003107501
1003107502
1003107503
1003107504
1003107505
1003107506
1003107507
1003107508
1003107509
1003107510
1003107511
CSV file 72
===========
1003109301
1003109302
1103109303
1003109305
1003118401
1003118402
1103118404
1003118405
1003118406
1103109304
1103118403
CSV file 73
===========
9000136901
9000136902
9000136903
9000136904
9000136905
9000136906
9000136907
9000136908
9000136909
9000136910
9000139301
9000139302
9000139303
9000139304
9000139305
9000139306
9000139307
9000139308
9000139309
9000139310
9000139701
9000139702
9000139703
9000139704
9000139705
9000139706
9000139707
9000139708
9000139709
9000139710
9000140501
9000140502
9000140503
9000140504
9000140505
9000140506
9000140507
9000140508
9000140509
9000140510
9000141501
9000141502
9000141503
9000141504
9000141505
9000141506
9000141507
9000141508
9000141509
9000141510
9000148901
9000148902
9000148903
9000148904
9000148905
9000148906
9000148907
9000148908
9000148909
9000148910
9000153801
9000153802
9000153803
9000153804
9000153805
9000153806
9000153807
9000153808
9000153809
9000153810
9000153901
9000153902
9000153903
9000153905
9000153906
9000153907
1003024601
1003024602
1003024603
1003024604
1003024605
1003024606
1003024607
1003024608
1003024609
1003024610
1003024611
1003024701
1003024702
1003024703
1003024704
CSV file 74
===========
9000138301
9000138302
9000138303
9000138304
9000138305
9000138306
9000138307
9000138308
9000138309
9000138310
9000154801
9000154802
9000154803
9000154804
9000154805
9000154806
9000154807
9000154808
9000154809
1003019201
1003019202
1103019203
1003019204
1003019205
1003019206
1003019101
1003019102
1003019103
1003019104
1003041601
1003041602
1003041603
1003041701
1003041702
1103041703
1003041704
1003041705
1003041706
1003041707
1003029201
1003029202
1003029203
1003029204
1003029205
1003029206
1003029301
1003029302
1003029303
1003029304
1003029305
1103158401
1103158402
1103158403
1103158404
1103158405
1003158406
1003158407
1003158408
1003158301
1003158302
1003158303
1003158304
1003158305
1003158306
1003158307
1003158308
1003158309
1003164501
1003164502
1103164503
1103164504
1103164505
1103164506
CSV file 75
===========
9000139501
9000139502
9000139503
9000139504
9000139505
9000139506
9000139507
9000139509
9000139510
9000153301
9000153302
9000153303
9000153304
9000153305
9000153306
9000153308
9000153310
1003029401
1003029402
1103025101
1003025102
1003025103
1003025104
1003025201
1003029501
1003029502
1003029503
1003029504
1003029505
1003029506
1003029507
1003029508
1003123501
1003123502
1003123503
1003134401
1003134402
1003134403
1103134404
1103134405
1103134406
1003134407
1103134408
1003134409
1103134410
1103134411
CSV file 76
===========
1003107301
1003107302
1003107303
1003107304
1003107305
1003107306
1003107307
1003107308
1003107309
1003107310
1003085001
1003085002
1003085003
1003085004
1003085005
1003085006
1003085007
1003085008
1003085009
1003085010
1003107401
1003107402
1003107403
1003107404
1003107405
1003107406
1003107407
1003107408
1003107409
1003107410
1003084901
1003084902
1003084903
1003084904
1103084905
1003084906
1003084907
1003084909
1003084910
1103084908
CSV file 77
===========
1003057901
1003057902
1003057903
1003057904
1003057905
1003057906
1003057907
1003057908
1003057909
1003057910
1003085101
1003085102
1003085103
1003085104
1003097001
1003097002
1003097003
1003097004
1003097005
1003097006
1003097007
1003097008
1003107201
1003107202
1003107203
1003107204
1003107205
1003107206
1003107207
1003107208
1003107209
1003107210
1003085201
1003085202
1003085203
1003085204
1003085205
1003085206
1003085207
1003085208
1003085209
1003085210
1003047801
1003047802
1003047803
1003047804
1003047805
1003047806
1003047807
1003047808
CSV file 78
===========
1003134701
1003134702
1003134703
1003134704
1003134705
1003134706
1003134707
1003134708
1003134709
1003112801
1003112802
1003112803
1003112804
1003112805
1003112806
1003112807
1003112808
1003112809
1003112810
1003112811
1003112812
1003124701
1003124702
1003124703
1003124704
1003124705
1003124706
1003124707
1003124708
1003109201
1003109202
1003109203
1003109204
1003109206
1003109207
1003170601
1003170602
1003170603
1003170604
1003170605
1003170606
1103170607
1103170608
1003158501
1003158502
1003158503
1003158504
1003158505
1003158506
1003158507
1003134601
1003134602
1003134603
1003134604
CSV file 79
===========
1003047501
1003047502
1003047503
1003047504
1003047505
1003047506
1003047507
1003047508
1003047509
1003047510
1003047401
1003047402
1003047403
1003047404
1003047405
1003047406
1003047407
1003047408
1003047409
1003047410
1003035901
1003035902
1003035903
1003035904
1003035905
1003035906
1003035907
1003035908
1003035909
1003035910
1003047601
1003047602
1003047603
1003047604
1003047605
1003047606
1003047607
1003047608
1003047609
1003047610
1003047701
1003047702
1003047703
1003047704
1003047301
1003047302
1003047303
1003047304
1003047305
1003047306
1003047307
1003047308
1003047309
1003047310
CSV file 80
===========
1003108701
1003108702
1003108703
1003108704
1003108705
1003108706
1003108707
1003108708
1003108709
1003108710
1003108711
1003108712
1003108713
1003108801
1003108802
1003108803
1003108804
1003108805
1003108806
1003108807
1003108808
1003108809
CSV file 81
===========
9000141901
9000141902
9000141903
9000141904
9000141905
9000141906
9000141907
9000141908
9000141909
9000141910
1103024501
1103024502
1103024503
1103024504
1103024505
1103024506
1003021101
1003021102
1003021103
1003021104
1003021105
1003021106
1003021107
1003021108
1003021109
1003021110
1003021111
1003021112
1003021113
1103080001
1103080002
1103080003
1103080004
1003085501
1003085502
1003085503
1003085504
1003085505
1003085506
1003085507
1003085508
1003085509
1003085510
1003093101
1003093102
1003093103
1003093104
1003093105
1003093106
1003093107
1003109901
1003109902
1003109903
1003109904
1003109905
1003109906
1003109907
1003109908
1003109909
1003109910
1003109911
1003109912
1003164301
1003164302
1003164303
1003164304
1103080005
CSV file 82
===========
1003112001
1003112002
1003112003
1003112004
1003112005
1003112006
1003112007
1003112008
1003112009
1003112010
1003112011
1003230201
1003230202
1003230203
1003230204
1003230205
1003230206
1103164701
1103164702
1103164703
1103164704
1103164705
1103164706
1103164707
1103164708
1103164709
1103164710
1103023901
1103023902
1103023903
1103023904
1103023905
1103024401
1103024402
1103024403
1103024404
1103024405
1103024406
1103024407
1103024408
1103024409
CSV file 83
===========
9000142001
9000142002
9000142003
9000142004
9000142005
9000142006
9000145401
9000145402
9000145403
9000145404
9000145405
9000145406
9000145407
9000145408
9000145409
9000145410
1003163901
1003163902
1003163903
1003163904
1003163905
1003163906
1003163907
1003163908
1003163909
1103163602
1103163603
1103163604
1103163605
1103163606
1103163607
1103163608
1103163609
1103263401
1103263402
1003263403
1003263404
1003263405
1003261901
1003261902
1003261903
1003261904
1003261905
1003261906
1003261907
1003261908
1003261909
1003259601
1003259602
1003259603
1003259604
1003259605
1003259606
1003259607
1003259608
1003259609
1003259610
1103266401
1003266402
1103266403
1003266404
1103266405
1103266406
1103266407
1103143701
1103143702
1103143703
1103143704
1103143705
1103163601
1103163501
1103163502
1103163503
1103163504
1103163505
CSV file 84
===========
9000150101
9000150102
9000150103
9000150104
9000150105
9000150106
9000150107
9000150108
9000150301
9000150302
9000150303
9000150304
9000150305
9000150306
9000150307
9000150308
1003027301
1003027302
1003027303
1003027304
1003027305
1003027306
1003018701
1003018702
1003018703
1003018704
1003018705
1003018706
1003018707
1003018708
1003018709
1003018710
1003107601
1003107602
1003107603
1003107604
1003107605
1103027103
1103027104
1003107901
1003107902
1003107903
1003107904
1003107905
1003107906
1003107907
1003107908
1003107909
1003107910
1003107911
1003107912
1003107913
1003107801
1103107802
1003107804
1003107805
1003107806
1003107807
1003107808
1003107809
1103027101
1103027102
1103107803
CSV file 85
===========
9000150401
9000150402
9000150403
9000150404
9000150405
9000150406
9000150407
9000150408
1003027601
1003027602
1003027603
1003027604
1003027701
1003027702
1003027703
1003027704
1003027705
1003027706
1003027707
1003027708
1003027709
1003027710
1003027711
1003027712
1003027713
1003027714
1003027501
1003027502
1003027503
1003108001
1003108002
1003108003
1003108004
1003108005
1003108006
1003108007
1003108008
1003118801
1003118802
1103118803
1003118804
1003118805
1003108101
1003108102
1003108103
1003108104
1003108105
1003108106
1003108107
1003108108
1003108201
1003108202
1003108203
1003108204
1003108205
1003118901
1003118902
1003118903
1003118904
1003118905
1003118906
1103124301
1003124302
1003124303
1003124305
1003124306
1003124307
1003124308
1003124304
CSV file 86
===========
1103068101
1103068102
1103068103
1103067901
1103067902
1103067903
1103068301
1103068302
1103068303
1103068304
1103118701
1003118702
1003118703
1103118704
1003118705
1003118706
1103068001
1103068002
1103068003
1103068004
1103068005
1003068201
1003068202
1003068203
1103124401
1103124402
1103124403
1103124404
1103124405
1003124406
1003124407
1003124408
1003124409
1003124410
1103108901
1103108902
1003108904
1003108905
1103108906
1003108907
1003108908
1103108903
CSV file 87
===========
1003055401
1003055402
1003055403
1003055404
1003055405
1003055406
1003055407
1003055408
1003055409
1003055410
1003055411
1003055412
1003055501
1103055502
1003055503
1003055504
1103055505
1003055506
1003055507
1003055508
1003055509
1003055510
1003055511
1003055512
1003055513
1003066901
1003066902
1003066903
1003066904
1003066905
1003066906
1003066907
1003066908
1003066909
1103066910
1003082201
1003082202
1003082203
1003082204
1003082205
1003082206
1003082207
1003082208
1003082209
1003083301
1003083302
1003083303
1003083304
1003083305
1003083306
1003083307
1003083308
1003090501
1003090502
1003090503
1003090504
1003090505
1003090506
1003090507
1003090508
