9000080901
9000080902
9000080903
9000080904
9000080905
9000080906
9000080907
9000080908
9000080909
9000080910
9000086601
9000086602
9000086603
9000086604
9000086605
9000086606
9000086607
9000086608
9000086609
9000086610
9000089001
9000089002
9000089003
9000089004
9000089005
9000089006
9000089007
9000076001
9000076002
9000076003
9000076004
9000076005
9000076006
9000076007
9000076008
9000076009
9000076010
9000084901
9000084902
9000084903
9000084904
9000084905
9000084906
9000084907
9000084908
9000084909
9000084910
9000085601
9000085603
9000085604
9000085605
9000085606
9000085607
9000085608
9000085609
9000085610
9000039301
9000039302
9000039303
9000039304
9000039305
9000079201
9000079202
9000079203
9000079204
9000079205
9000079206
9000079207
9000079208
9000079209
9000079210
9000083601
9000083602
9000083603
9000083604
9000083605
9000083606
9000083607
9000083608
9000083609
9000083610
9000083701
9000083702
9000083703
9000083704
9000083705
9000083706
9000083707
9000083708
9000083709
9000083710
9000087501
9000087502
9000087503
9000087504
9000087505
9000087506
9000087507
9000087508
9000088801
9000088802
9000088803
9000088804
9000088805
9000088806
9000088807
9000088808
9000088809
9000088810
9000101601
9000101602
9000101603
9000101604
9000101605
9000101606
9000101607
9000101608
9000101609
9000101610
9000101701
9000101702
9000101703
9000101704
9000101705
9000101706
9000101707
9000101708
9000101709
9000101710
9000010501
9000010502
9000010503
9000010504
9000010505
9000010506
9000010507
9000010508
9000010509
9000010510
9000013501
9000013502
9000013503
9000013504
9000013505
9000013506
9000013507
9000013508
9000013509
9000013510
9000085602
9000078505
9000078506
9000078507
9000078508
9000078509
9000078510
9000081406
9000081407
9000081408
9000081409
9000018001
9000018002
9000018003
9000018004
9000018006
9000018010
9000018101
9000018102
9000018103
9000018104
9000018106
9000018107
9000018110
9000021701
9000021702
9000021704
9000021705
9000021706
9000021707
9000021709
9000021710
9000024101
9000024102
9000024103
9000024104
9000024107
9000024108
9000024110
9000020401
9000020402
9000020403
9000020404
9000020405
9000020406
9000020407
9000020408
9000020409
9000020410
9000020909
9000021703
9000021803
9000022301
9000022303
9000022304
9000022305
9000022306
9000022308
9000022309
9000022801
9000022803
9000022805
9000022806
9000022807
9000022808
9000022809
9000022810
9000025601
9000025602
9000025603
9000025604
9000025605
9000025606
9000025607
9000025609
9000025610
9000033701
9000033702
9000033704
9000033707
9000033708
9000033709
9000034901
9000034903
9000034905
9000034906
9000034907
9000034908
9000034909
9000034910
9000039004
9000019801
9000019802
9000019803
9000019804
9000019805
9000019806
9000019807
9000019808
9000019809
9000019810
9000025801
9000025805
9000028301
9000028302
9000028303
9000028304
9000028305
9000028306
9000028307
9000028308
9000028309
9000028310
9000029301
9000029302
9000029303
9000029304
9000029305
9000029306
9000029307
9000029308
9000029309
9000029310
9000031001
9000031002
9000031003
9000031004
9000031005
9000031006
9000031007
9000031008
9000031009
9000031010
9000007206
9000009909
9000019901
9000019902
9000019903
9000019904
9000019905
9000019906
9000019907
9000019908
9000019909
9000019910
9000020901
9000020902
9000020903
9000020904
9000020905
9000020906
9000020907
9000020908
9000020910
9000021801
9000021802
9000022307
9000022901
9000022904
9000022905
9000022906
9000022907
9000023901
9000023902
9000023903
9000023904
9000023905
9000023906
9000023907
9000023908
9000023909
9000023910
9000026001
9000026002
9000026003
9000026004
9000026005
9000026006
9000026007
9000026008
9000026009
9000026010
9000031101
9000031102
9000031103
9000031104
9000031105
9000031106
9000031107
9000031108
9000031109
9000031110
9000039001
9000039002
9000039003
9000018005
9000018105
9000021804
9000021806
9000021809
9000021810
9000022804
9000024105
9000024106
9000024109
9000025802
9000025803
9000025806
9000025807
9000025808
9000025809
9000025810
9000026106
9000026108
9000033301
9000033302
9000033303
9000033304
9000033305
9000033306
9000033307
9000033308
9000039005
9000026401
9000026402
9000026403
9000026404
9000026405
9000026406
9000026407
9000026409
9000027301
9000027302
9000027303
9000027304
9000027305
9000027306
9000027307
9000027308
9000027309
9000027310
9000078501
9000078502
9000078503
9000078504
9000081401
9000081402
9000081403
9000081404
9000081405
9000020001
9000020002
9000020003
9000020004
9000020005
9000020006
9000020007
9000020008
9000020009
9000020010
9000021807
9000023701
9000023702
9000023703
9000023704
9000023705
9000023706
9000023707
9000023708
9000023709
9000023710
9000023801
9000023802
9000023803
9000023804
9000023805
9000023806
9000023807
9000023808
9000023809
9000023810
9000024801
9000024802
9000024803
9000024804
9000024805
9000024806
9000024807
9000024808
9000024809
9000024810
9000034701
9000034702
9000034703
9000034704
9000034705
9000034706
9000034707
9000034708
9000034709
9000034710
9000104301
9000104302
9000104303
9000104304
9000104305
9000104306
9000104307
9000104308
9000104309
9000104310
9000104401
9000104402
9000104403
9000104404
9000104405
9000104501
9000104502
9000104503
9000104504
9000104505
9000004802
9000004804
9000004805
9000004809
9000004201
9000004202
9000004203
9000004204
9000004205
9000004206
9000004207
9000004208
9000004209
9000004210
9000005701
9000005702
9000005703
9000005704
9000005705
9000005706
9000005707
9000005708
9000005709
9000005710
9000005801
9000005802
9000005803
9000005804
9000005805
9000005806
9000005807
9000005808
9000005809
9000005810
9000007201
9000007202
9000007203
9000007204
9000007205
9000007207
9000007208
9000007209
9000007210
9000007802
9000007804
9000007808
9000007809
9000007810
9000009301
9000009302
9000009303
9000009304
9000009305
9000009306
9000009307
9000009308
9000009309
9000009310
9000009311
9000028101
9000028102
9000028103
9000028104
9000028105
9000028106
9000028107
9000028108
9000028109
9000028110
9000007101
9000007102
9000007103
9000007104
9000007105
9000007106
9000007107
9000007108
9000007109
9000007110
9000014801
9000014802
9000014803
9000014804
9000014805
9000014806
9000014807
9000014808
9000014809
9000014810
9000022302
9000007603
9000007604
9000007605
9000007608
9000007609
9000007610
9000024403
9000024404
9000024405
9000024406
9000024407
9000024408
9000024503
9000024504
9000024505
9000024506
9000024507
9000024508
9000010601
9000010602
9000010603
9000010604
9000010605
9000010606
9000010607
9000010608
9000010609
9000010610
9000011103
9000021708
9000021808
9000025804
9000033703
9000002901
9000002902
9000002903
9000002904
9000002905
9000002906
9000002907
9000002908
9000002910
9000003101
9000003102
9000003103
9000003104
9000003105
9000003106
9000003107
9000003108
9000003109
9000003110
9000007501
9000007502
9000007503
9000007504
9000007505
9000007506
9000007507
9000007508
9000007509
9000007510
9000007601
9000007602
9000007606
9000007607
9000007702
9000007707
9000007709
9000008001
9000008002
9000008003
9000008004
9000008005
9000008006
9000008007
9000008008
9000008009
9000008010
9000009901
9000009904
9000009905
9000009906
9000009907
9000009908
9000009910
9000014201
9000014202
9000014203
9000014206
9000014207
9000014208
9000014209
9000014210
9000003602
9000003603
9000003607
9000003701
9000003702
9000003703
9000003704
9000003801
9000003802
9000003803
9000003804
9000003807
9000004808
9000004810
9000004902
9000004903
9000004904
9000004905
9000004906
9000004908
9000004909
9000022802
9000033705
9000034902
9000034904
9000003604
9000003608
9000003609
9000003705
9000003706
9000003707
9000003708
9000003709
9000003805
9000003806
9000003808
9000003809
9000004901
9000033901
9000033902
9000033903
9000033904
9000033905
9000033906
9000033907
9000033908
9000033909
9000033910
9000045710
9000004801
9000004807
9000032001
9000032002
9000032003
9000032004
9000032005
9000032006
9000032007
9000032008
9000032009
9000032010
9000032011
9000032012
9000032013
9000032014
9000032101
9000032102
9000032103
9000032104
9000032105
9000032106
9000032107
9000032108
9000032109
9000032110
9000032111
9000032112
9000032113
9000032114
9000033801
9000033802
9000033803
9000033804
9000033805
9000033806
9000033807
9000033808
9000033809
9000033810
9000038901
9000038902
9000038903
9000038904
9000038905
9000038906
9000038907
9000038908
9000038909
9000038910
9000046501
9000046502
9000046503
9000046504
9000046505
9000046506
9000046507
9000046508
9000046509
9000046510
9000046601
9000046602
9000046603
9000046604
9000046605
9000046606
9000046607
9000046608
9000046609
9000046610
9000086701
9000086702
9000086703
9000086704
9000086705
9000086706
9000086707
9000086708
9000086709
9000086710
9000035001
9000035003
9000035004
9000035006
9000035007
9000035008
9000035009
9000036101
9000036102
9000036103
9000036106
9000036107
9000036108
9000036109
9000036110
9000038701
9000038702
9000038703
9000038704
9000038705
9000038706
9000038707
9000045701
9000045702
9000045703
9000045704
9000046403
9000035005
9000035010
9000046401
9000046402
9000046404
9000046406
9000035002
9000036104
9000036105
9000045705
9000045706
9000045707
9000045708
9000046405
9000045709
9000046407
9000046408
9000046409
9000100701
9000100702
9000100703
9000100704
9000100705
9000100706
9000100707
9000100708
9000100709
9000100710
9000101801
9000101802
9000101803
9000101804
9000101805
9000101806
9000101807
9000101808
9000101809
9000101810
9000090901
9000090902
9000090903
9000090904
9000090905
9000090906
9000090907
9000090908
9000090909
9000090910
9000101001
9000101002
9000101003
9000101004
9000101005
9000101006
9000101007
9000101008
9000101009
9000101010
9000101101
9000101102
9000101103
9000101104
9000101105
9000101106
9000101107
9000101108
9000101109
9000101110
9000101901
9000101902
9000101903
9000101904
9000101905
9000101906
9000101907
9000101908
9000101909
9000101910
9000091201
9000091202
9000091203
9000091204
9000091205
9000091206
9000091207
9000091208
9000091209
9000091210
9000097001
9000097002
9000097003
9000097004
9000097005
9000097006
9000097007
9000097008
9000097009
9000097010
9000104801
9000104803
9000104805
9000104809
9000105401
9000105402
9000105403
9000105404
9000105405
9000105406
9000105407
9000105408
9000105409
9000031201
9000031202
9000031203
9000031204
9000031205
9000031206
9000031207
9000031208
9000031209
9000031210
9000034801
9000034802
9000034803
9000034804
9000034805
9000034806
9000034807
9000034808
9000034809
9000034810
9000035701
9000035702
9000035703
9000035704
9000035705
9000035706
9000035707
9000035708
9000035710
9000035801
9000035802
9000035803
9000035804
9000035805
9000035806
9000035807
9000037401
9000037402
9000037408
9000037409
9000037501
9000037502
9000037503
9000037504
9000037505
9000037506
9000037507
9000037508
9000037509
9000037510
9000038601
9000038602
9000038603
9000038604
9000038605
9000038606
9000038607
9000038608
9000038609
9000038610
9000039101
9000039102
9000039103
9000039104
9000039108
9000039109
9000039110
9000070110
9000035709
9000035808
9000035809
9000037403
9000037404
9000037405
9000037406
9000037407
9000037410
9000070101
9000070102
9000070103
9000070104
9000070105
9000070106
9000070107
9000070108
9000070109
9000035601
9000035602
9000035603
9000035604
9000035605
9000035606
9000035607
9000035608
9000035609
9000039105
9000039106
9000039107
9000064501
9000064502
9000064503
9000064504
9000064505
9000064506
9000064507
9000064508
9000069901
9000069902
9000069903
9000069904
9000069905
9000069906
9000069907
9000069908
9000069909
9000069910
9000034301
9000034302
9000034303
9000034304
9000034305
9000034306
9000034307
9000034308
9000034309
9000035810
9000063801
9000063802
9000063803
9000063804
9000063805
9000063806
9000063807
9000063808
9000063809
9000063810
9000060601
9000060602
9000060603
9000060604
9000060605
9000060606
9000060607
9000060608
9000060609
9000060610
9000064801
9000064802
9000064803
9000064804
9000064805
9000064806
9000064807
9000064808
9000065301
9000065302
9000065303
9000065304
9000065305
9000065306
9000065307
9000065308
9000065309
9000065310
9000072701
9000072702
9000072703
9000072704
9000072705
9000072706
9000072707
9000072708
9000072709
9000072710
9000068701
9000068702
9000068703
9000068704
9000068705
9000068706
9000068707
9000068708
9000068709
9000068710
9000070501
9000070502
9000070503
9000070504
9000070505
9000070506
9000070507
9000070508
9000072801
9000072802
9000072803
9000072804
9000072805
9000072806
9000072807
9000072808
9000072809
9000072810
9000073001
9000073002
9000073003
9000073004
9000073005
9000073006
9000073007
9000063601
9000063602
9000063603
9000063604
9000063605
9000063606
9000063607
9000063608
9000063609
9000063610
9000064001
9000064002
9000064003
9000064008
9000064009
9000064010
9000062901
9000062902
9000062903
9000062904
9000062905
9000062906
9000062907
9000062908
9000062909
9000062910
9000063401
9000063402
9000063403
9000063404
9000063405
9000063406
9000063407
9000063408
9000063409
9000063410
9000073401
9000073402
9000073403
9000073404
9000073405
9000073406
9000073407
9000073408
9000062403
9000062404
9000062405
9000062401
9000062402
9000063101
9000063102
9000063103
9000063104
9000063105
9000063106
9000063107
9000063108
9000063109
9000063110
9000063301
9000063302
9000063303
9000063304
9000063305
9000063306
9000063307
9000063308
9000070701
9000070702
9000070703
9000070704
9000070705
9000070706
9000070707
9000070708
9000070801
9000070802
9000070803
9000070804
9000070805
9000070806
9000070807
9000070808
9000070809
9000070810
9000062406
9000062407
9000062408
9000062409
9000062410
9000064101
9000064102
9000064103
9000064104
9000064105
9000064106
9000064107
9000064108
9000064109
9000064110
9000070301
9000070302
9000070303
9000070304
9000070305
9000070306
9000070401
9000070402
9000070403
9000070404
9000070405
9000070406
9000070407
9000070408
9000070409
9000070410
9000079101
9000079102
9000079103
9000079104
9000079105
9000079106
9000079107
9000079108
9000079109
9000065501
9000065502
9000065503
9000065504
9000065505
9000065506
9000065507
9000065508
9000065509
9000065510
9000065901
9000065902
9000065903
9000065904
9000065905
9000065906
9000065907
9000065908
9000065909
9000065910
9000066001
9000066002
9000066003
9000066004
9000066005
9000066006
9000066007
9000066008
9000066009
9000066010
9000071201
9000071202
9000071203
9000071204
9000071205
9000071206
9000071207
9000071208
9000071209
9000071210
9000065601
9000065602
9000065603
9000065604
9000065605
9000065606
9000065607
9000065608
9000065609
9000065610
9000072901
9000072902
9000072903
9000072904
9000072905
9000072906
9000072907
9000072908
9000100001
9000100002
9000100003
9000100004
9000100005
9000100006
9000100007
9000100008
9000100009
9000078901
9000078902
9000078903
9000078904
9000078905
9000078906
9000078907
9000078908
9000078909
9000078910
9000085301
9000085302
9000085303
9000085304
9000085305
9000085306
9000085307
9000085308
9000085309
9000085310
